# The sample problem of http://fr.wikipedia.org/wiki/Sudoku
5, 3, 0,   0, 7, 0,   0, 0, 0,
6, 0, 0,   1, 9, 5,   0, 0, 0,
0, 9, 8,   0, 0, 0,   0, 6, 0,

8, 0, 0,   0, 6, 0,   0, 0, 3,
4, 0, 0,   8, 0, 3,   0, 0, 1,
7, 0, 0,   0, 2, 0,   0, 0, 6,

0, 6, 0,   0, 0, 0,   2, 8, 0,
0, 0, 0,   4, 1, 9,   0, 0, 5,
0, 0, 0,   0, 8, 0,   0, 7, 9

# An automatically generated problem from http://sudoku.sourceforge.net/
5, 6, 0,   7, 9, 2,   0, 0, 8,
4, 1, 0,   0, 8, 0,   0, 0, 0,
7, 9, 0,   0, 0, 0,   0, 0, 5,

8, 0, 0,   1, 0, 0,   0, 0, 3,
0, 0, 0,   8, 0, 9,   0, 0, 0,
2, 0, 0,   0, 0, 5,   0, 0, 4,

3, 0, 0,   0, 0, 0,   0, 8, 6,
0, 0, 0,   0, 3, 0,   0, 2, 1,
9, 0, 0,   6, 4, 8,   0, 3, 7

# An automatically generated problem from http://sudoku.sourceforge.net/
0, 0, 3,   0, 0, 0,   9, 0, 1,
0, 0, 8,   6, 4, 9,   3, 0, 0,
4, 0, 0,   0, 7, 0,   8, 0, 2,

0, 0, 0,   0, 0, 0,   4, 0, 9,
3, 0, 0,   2, 0, 8,   0, 0, 6,
5, 0, 7,   0, 0, 0,   0, 0, 0,

1, 0, 6,   0, 5, 0,   0, 0, 4,
0, 0, 2,   9, 3, 4,   6, 0, 0,
9, 0, 4,   0, 0, 0,   7, 0, 0

# A hard problem from http://www.mots-croises.ch/Manuels/Sudoku/
2, 0, 0,   1, 4, 3,   0, 0, 7,
0, 0, 5,   7, 8, 9,   2, 0, 0,
0, 0, 0,   0, 5, 0,   0, 0, 0,

6, 3, 8,   0, 0, 0,   9, 7, 4,
0, 0, 0,   0, 0, 0,   0, 0, 0,
5, 4, 2,   0, 0, 0,   3, 1, 6,

0, 0, 0,   0, 1, 0,   0, 0, 0,
0, 0, 7,   8, 9, 6,   4, 0, 0,
8, 0, 0,   4, 3, 7,   0, 0, 2
